Initial guess


CONTROL

u0   0
3.927230089902877808e-02
3.927230089902877808e-02
3.927230089902877808e-02
1.539812330156564713e-02
1.539812330156564713e-02
1.539812330156564713e-02
2.418215274810791016e-01
2.418215274810791016e-01
1.627973616123199463e-01
2.523379400372505188e-02
3.496002554893493652e-01
3.496002554893493652e-01
3.496002554893493652e-01
2.554389238357543945e-01
2.336555570363998413e-01
1.975444853305816650e-01
4.433176517486572266e-01
0.000000000000000000e+00
-5.000000000000000000e+02
0.000000000000000000e+00

u0   1
4.103896021842956543e-02
4.103896021842956543e-02
4.103896021842956543e-02
1.077639162540435791e-01
1.077639162540435791e-01
1.077639162540435791e-01
2.118845134973526556e-01
2.118845134973526556e-01
1.567200124263763428e-01
2.565179951488972057e-02
3.487268686294555664e-01
3.487268686294555664e-01
3.487268686294555664e-01
1.272252202033996582e-01
3.425816893577575684e-01
1.738900542259216309e-01
3.211197257041931707e-01
0.000000000000000000e+00
-5.000000000000000000e+02
0.000000000000000000e+00

u0   2
4.132400080561637185e-02
4.132400080561637185e-02
4.132400080561637185e-02
6.462313234806059403e-02
6.462313234806059403e-02
6.462313234806059403e-02
8.276859670877456665e-02
8.276859670877456665e-02
1.580595970153808594e-01
3.567954152822494507e-02
1.668783277273178101e-01
1.668783277273178101e-01
1.668783277273178101e-01
1.433063000440597534e-01
3.997042477130889893e-01
1.269363164901733398e-01
2.131663262844085971e-01
0.000000000000000000e+00
-5.000000000000000000e+02
0.000000000000000000e+00

u0   3
1.918320916593074799e-02
1.918320916593074799e-02
1.918320916593074799e-02
9.050674736499786377e-03
9.050674736499786377e-03
9.050674736499786377e-03
1.408727169036865234e-01
1.408727169036865234e-01
1.283352822065353394e-01
5.092659592628479004e-02
2.940541803836822510e-01
2.940541803836822510e-01
2.940541803836822510e-01
8.546535670757293701e-02
2.698971033096312921e-01
1.597053557634353360e-01
2.203005999326705655e-01
0.000000000000000000e+00
-5.000000000000000000e+02
0.000000000000000000e+00

u0   4
1.590556465089321136e-03
1.590556465089321136e-03
1.590556465089321136e-03
2.156952628865838051e-03
2.156952628865838051e-03
2.156952628865838051e-03
5.109727755188942649e-02
5.109727755188942649e-02
4.183300584554672241e-02
2.689585275948047638e-02
1.094445735216140886e-01
1.094445735216140886e-01
1.094445735216140886e-01
1.092720478773117204e-01
2.730210125446319580e-01
2.944007217884063721e-01
2.044481337070465365e-01
0.000000000000000000e+00
-5.000000000000000000e+02
0.000000000000000000e+00

u0   5
1.534879300743341446e-02
1.534879300743341446e-02
1.534879300743341446e-02
1.557973679155111313e-03
1.557973679155111313e-03
1.557973679155111313e-03
5.591430887579918602e-02
5.591430887579918602e-02
7.385161519050599532e-02
2.057866193354129791e-02
2.307351380586624146e-01
2.307351380586624146e-01
2.307351380586624146e-01
1.363444030284881869e-01
3.639124035835266113e-01
1.643953174352645874e-01
2.087714374065399170e-01
0.000000000000000000e+00
-5.000000000000000000e+02
0.000000000000000000e+00

u0   6
1.951550506055355072e-02
1.951550506055355072e-02
1.951550506055355072e-02
1.034714002162218094e-02
1.034714002162218094e-02
1.034714002162218094e-02
2.367510497570038119e-01
2.367510497570038119e-01
3.441263362765312195e-02
1.884207874536514282e-02
1.749323010444641113e-01
1.749323010444641113e-01
1.749323010444641113e-01
1.085265651345253130e-01
2.623642086982727051e-01
2.089707404375076572e-01
1.260027289390564242e-01
0.000000000000000000e+00
-5.000000000000000000e+02
0.000000000000000000e+00

u0   7
2.467187307775020599e-02
2.467187307775020599e-02
2.467187307775020599e-02
7.481406908482313156e-03
7.481406908482313156e-03
7.481406908482313156e-03
6.980345398187637329e-02
6.980345398187637329e-02
7.125823944807052612e-02
1.299518067389726639e-02
2.184613794088363647e-01
2.184613794088363647e-01
2.184613794088363647e-01
1.970895379781723022e-01
2.229472845792770386e-01
1.592618823051452637e-01
2.086822092533111572e-01
0.000000000000000000e+00
-5.000000000000000000e+02
0.000000000000000000e+00

u0   8
5.379547830671072006e-03
5.379547830671072006e-03
5.379547830671072006e-03
6.673668976873160276e-03
6.673668976873160276e-03
6.673668976873160276e-03
8.978937566280364990e-02
8.978937566280364990e-02
3.349275887012481689e-02
1.745074242353439331e-02
1.437101066112518311e-01
1.437101066112518311e-01
1.437101066112518311e-01
1.788043528795242310e-01
2.801038324832916260e-01
1.492360830307006836e-01
3.239361047744750977e-01
0.000000000000000000e+00
-5.000000000000000000e+02
0.000000000000000000e+00

u0   9
3.490118542686105642e-03
3.490118542686105642e-03
3.490118542686105642e-03
7.105354219675064087e-03
7.105354219675064087e-03
7.105354219675064087e-03
3.513231128454208374e-02
3.513231128454208374e-02
9.293246269226074219e-02
3.622174635529518127e-02
1.478340923786163330e-01
1.478340923786163330e-01
1.478340923786163330e-01
9.242943674325944381e-02
1.794991195201874057e-01
5.934077873826028304e-02
2.305908203125000278e-01
0.000000000000000000e+00
-5.000000000000000000e+02
0.000000000000000000e+00

u0   10
1.041617710143327713e-02
1.041617710143327713e-02
1.041617710143327713e-02
3.179185837507247925e-02
3.179185837507247925e-02
3.179185837507247925e-02
1.202840730547905107e-01
1.202840730547905107e-01
4.091156274080276489e-02
3.587963432073593140e-02
8.891100436449050903e-02
8.891100436449050903e-02
8.891100436449050903e-02
1.744084358215332309e-01
1.156738623976707736e-01
1.588272899389266968e-01
2.221082597970962524e-01
0.000000000000000000e+00
-5.000000000000000000e+02
0.000000000000000000e+00

u0   11
1.277534943073987961e-02
1.277534943073987961e-02
1.277534943073987961e-02
8.263527415692806244e-03
8.263527415692806244e-03
8.263527415692806244e-03
2.623176760971546173e-02
2.623176760971546173e-02
5.696355551481246948e-02
6.509771198034286499e-02
1.888382136821746826e-01
1.888382136821746826e-01
1.888382136821746826e-01
1.276158541440963745e-01
1.957885473966598511e-01
4.609873145818710327e-02
2.114133238792419711e-01
0.000000000000000000e+00
-5.000000000000000000e+02
0.000000000000000000e+00

u0   12
2.772353356704115868e-03
2.772353356704115868e-03
2.772353356704115868e-03
1.122784521430730820e-02
1.122784521430730820e-02
1.122784521430730820e-02
2.643012907356023788e-03
2.643012907356023788e-03
5.283848568797111511e-02
4.547535628080368042e-02
1.470663100481033325e-01
1.470663100481033325e-01
1.470663100481033325e-01
2.380747646093369085e-01
2.251037210226059515e-01
5.829294398427009583e-02
1.363652199506759644e-01
0.000000000000000000e+00
-5.000000000000000000e+02
0.000000000000000000e+00

u0   13
3.128805756568908691e-02
3.128805756568908691e-02
3.128805756568908691e-02
2.235168218612670898e-02
2.235168218612670898e-02
2.235168218612670898e-02
3.871143562719226317e-03
3.871143562719226317e-03
6.372059136629104614e-02
3.876749426126480796e-02
9.845889359712600708e-02
9.845889359712600708e-02
9.845889359712600708e-02
2.359589934349060059e-01
1.876111924648285190e-01
1.930726915597915649e-01
1.502724587917327881e-01
0.000000000000000000e+00
-5.000000000000000000e+02
0.000000000000000000e+00

u0   14
1.402290444821119482e-02
1.402290444821119482e-02
1.402290444821119482e-02
3.923325985670090416e-02
3.923325985670090416e-02
3.923325985670090416e-02
6.378953158855436845e-02
6.378953158855436845e-02
8.520248532295227051e-02
2.704313583672047008e-02
1.265908479690551480e-01
1.265908479690551480e-01
1.265908479690551480e-01
1.807374358177185059e-01
2.358583658933639526e-01
1.064249128103256226e-01
9.422761201858520508e-02
0.000000000000000000e+00
-5.000000000000000000e+02
0.000000000000000000e+00

u0   15
3.264571540057659583e-03
3.264571540057659583e-03
3.264571540057659583e-03
1.211971882730722427e-02
1.211971882730722427e-02
1.211971882730722427e-02
2.511202823370694680e-03
2.511202823370694680e-03
6.254053115844726562e-02
9.330290555953979492e-02
9.630822390317916870e-02
9.630822390317916870e-02
9.630822390317916870e-02
3.157406151294708252e-01
5.485578775405883789e-01
2.026096880435943604e-01
3.734117746353149414e-02
0.000000000000000000e+00
-5.000000000000000000e+02
0.000000000000000000e+00

u0   16
5.962143652141095075e-03
5.962143652141095075e-03
5.962143652141095075e-03
5.169554054737091064e-02
5.169554054737091064e-02
5.169554054737091064e-02
3.063816111534833474e-03
3.063816111534833474e-03
1.045559272170066833e-01
9.461822360754013062e-02
1.382771581411361694e-01
1.382771581411361694e-01
1.382771581411361694e-01
1.519844383001327515e-01
6.071675419807434082e-01
3.556513190269470215e-01
4.270253702998161316e-02
0.000000000000000000e+00
-5.000000000000000000e+02
0.000000000000000000e+00

u0   17
5.476810038089752197e-03
5.476810038089752197e-03
5.476810038089752197e-03
3.136759623885154724e-02
3.136759623885154724e-02
3.136759623885154724e-02
1.000000000000000021e-03
1.000000000000000021e-03
6.591043621301651001e-02
2.345409989356994629e-02
1.472472548484802246e-01
1.472472548484802246e-01
1.472472548484802246e-01
3.846042156219482422e-01
8.239215612411499023e-01
2.916066646575927734e-01
8.406525105237960815e-02
0.000000000000000000e+00
-5.000000000000000000e+02
0.000000000000000000e+00

u0   18
2.480150666087865829e-03
2.480150666087865829e-03
2.480150666087865829e-03
2.980446908622979684e-03
2.980446908622979684e-03
2.980446908622979684e-03
7.522074878215791183e-02
7.522074878215791183e-02
9.959490597248077393e-02
2.738689631223678589e-02
5.018150433897971413e-02
5.018150433897971413e-02
5.018150433897971413e-02
1.038145646452903886e-01
8.033465147018432617e-01
3.697760999202728271e-01
6.429314613342285156e-02
0.000000000000000000e+00
-5.000000000000000000e+02
0.000000000000000000e+00

u0   19
3.003318328410387473e-03
3.003318328410387473e-03
3.003318328410387473e-03
3.567049279808998542e-03
3.567049279808998542e-03
3.567049279808998542e-03
9.456935524940490723e-02
9.456935524940490723e-02
6.605234742164611816e-02
1.604918949306011200e-02
3.259273990988731384e-02
3.259273990988731384e-02
3.259273990988731384e-02
1.348006129264831543e-01
4.395254254341125488e-01
1.880763024091720581e-01
3.707018494606017373e-02
0.000000000000000000e+00
-5.000000000000000000e+02
0.000000000000000000e+00

u0   20
3.595863003283739524e-03
3.595863003283739524e-03
3.595863003283739524e-03
2.720701042562723160e-03
2.720701042562723160e-03
2.720701042562723160e-03
1.565639823675155640e-01
1.565639823675155640e-01
4.248201847076416016e-02
4.025589209049940109e-03
1.234511286020278931e-02
1.234511286020278931e-02
1.234511286020278931e-02
7.215713150799275312e-03
1.110699325799942155e-01
8.064861595630644364e-02
1.856462657451629639e-02
0.000000000000000000e+00
-5.000000000000000000e+02
0.000000000000000000e+00

u0   21
3.536979667842388153e-03
3.536979667842388153e-03
3.536979667842388153e-03
1.548642874695360661e-03
1.548642874695360661e-03
1.548642874695360661e-03
5.248389765620231628e-02
5.248389765620231628e-02
8.217627555131912231e-02
1.385930576361715577e-03
6.107752677053213120e-03
6.107752677053213120e-03
6.107752677053213120e-03
7.161815301515161991e-04
1.430461406707763672e-01
2.309390157461166382e-02
8.175786584615707397e-02
0.000000000000000000e+00
-5.000000000000000000e+02
0.000000000000000000e+00

u0   22
4.091300070285797119e-03
4.091300070285797119e-03
4.091300070285797119e-03
4.392843227833508578e-03
4.392843227833508578e-03
4.392843227833508578e-03
1.090017482638359070e-01
1.090017482638359070e-01
7.274428009986878829e-02
3.767246007919311523e-02
4.070891067385673523e-02
4.070891067385673523e-02
4.070891067385673523e-02
1.801070198416710247e-02
4.618774354457855225e-02
4.784726351499558189e-02
3.948328495025634766e-01
0.000000000000000000e+00
-5.000000000000000000e+02
0.000000000000000000e+00

u0   23
2.160707721486687660e-03
2.160707721486687660e-03
2.160707721486687660e-03
2.432675799354910851e-03
2.432675799354910851e-03
2.432675799354910851e-03
4.326180368661880493e-02
4.326180368661880493e-02
2.498195506632328033e-02
1.875491626560688019e-02
4.645192995667457581e-02
4.645192995667457581e-02
4.645192995667457581e-02
2.970086224377154610e-02
1.136170253157615662e-01
5.258610099554062584e-02
3.567804992198944647e-01
0.000000000000000000e+00
-5.000000000000000000e+02
0.000000000000000000e+00

u0   24
2.129519591107964516e-03
2.129519591107964516e-03
2.129519591107964516e-03
3.394328523427248001e-03
3.394328523427248001e-03
3.394328523427248001e-03
8.961133658885955811e-03
8.961133658885955811e-03
1.162442844361066818e-02
5.741919577121734619e-02
4.337058402597904205e-03
4.337058402597904205e-03
4.337058402597904205e-03
5.752815306186676025e-02
1.263666003942489624e-01
4.637603089213371277e-02
1.603622734546661377e-01
0.000000000000000000e+00
-5.000000000000000000e+02
0.000000000000000000e+00

u0   25
3.073831088840961456e-03
3.073831088840961456e-03
3.073831088840961456e-03
3.294218098744750023e-03
3.294218098744750023e-03
3.294218098744750023e-03
6.336842663586139679e-03
6.336842663586139679e-03
1.186788827180862427e-02
8.129172772169113159e-02
6.913604214787483215e-03
6.913604214787483215e-03
6.913604214787483215e-03
5.176194757223129272e-02
9.667968004941940308e-02
3.831300511956214905e-02
1.992143094539642334e-01
0.000000000000000000e+00
0.000000000000000000e+00
0.000000000000000000e+00

u0   26
8.710725232958793640e-03
8.710725232958793640e-03
8.710725232958793640e-03
3.470166586339474158e-03
3.470166586339474158e-03
3.470166586339474158e-03
1.187029853463172913e-02
1.187029853463172913e-02
1.940719597041606903e-02
1.071080788969993591e-01
1.424285024404525930e-02
1.424285024404525930e-02
1.424285024404525930e-02
1.393739134073257724e-01
1.086918041110038757e-01
6.840259581804275513e-02
2.807935178279877264e-01
0.000000000000000000e+00
0.000000000000000000e+00
0.000000000000000000e+00

u0   27
1.107161119580268860e-02
1.107161119580268860e-02
1.107161119580268860e-02
2.867479575797915459e-03
2.867479575797915459e-03
2.867479575797915459e-03
3.614211454987525940e-02
3.614211454987525940e-02
1.427327934652566910e-02
3.996815904974938133e-02
2.729017473757266998e-02
2.729017473757266998e-02
2.729017473757266998e-02
2.565301060676574707e-01
1.942963898181915561e-01
1.102816909551620483e-01
4.730378985404968262e-01
0.000000000000000000e+00
0.000000000000000000e+00
0.000000000000000000e+00

u0   28
6.467879749834536639e-03
6.467879749834536639e-03
6.467879749834536639e-03
1.483886968344449997e-03
1.483886968344449997e-03
1.483886968344449997e-03
1.276672910898923874e-02
1.276672910898923874e-02
1.842266879975795746e-02
1.713398844003677368e-02
1.599231548607349396e-02
1.599231548607349396e-02
1.599231548607349396e-02
1.975451856851577759e-01
1.185712292790412903e-01
1.112409085035323958e-01
6.084331870079040527e-01
0.000000000000000000e+00
0.000000000000000000e+00
0.000000000000000000e+00

u0   29
3.152811666950583458e-03
3.152811666950583458e-03
3.152811666950583458e-03
1.479356549680233002e-03
1.479356549680233002e-03
1.479356549680233002e-03
3.303010482341051535e-03
3.303010482341051535e-03
1.682877168059349060e-02
1.141364779323339462e-02
5.521705374121665955e-03
5.521705374121665955e-03
5.521705374121665955e-03
5.980451032519340515e-02
4.169188439846038818e-02
4.504405707120895386e-02
3.401200771331787664e-01
0.000000000000000000e+00
0.000000000000000000e+00
0.000000000000000000e+00

u0   30
3.455367172136903243e-03
3.455367172136903243e-03
3.455367172136903243e-03
2.060367027297616005e-03
2.060367027297616005e-03
2.060367027297616005e-03
2.497683838009834290e-02
2.497683838009834290e-02
1.359825115650892084e-02
6.490339338779449463e-02
5.553190410137176514e-02
5.553190410137176514e-02
5.553190410137176514e-02
4.636200517416000366e-02
1.278821378946304321e-01
3.205524757504463196e-02
2.904261648654937744e-01
0.000000000000000000e+00
0.000000000000000000e+00
0.000000000000000000e+00

u0   31
3.862473880872131261e-03
3.862473880872131261e-03
3.862473880872131261e-03
4.686686675995588303e-03
4.686686675995588303e-03
4.686686675995588303e-03
2.365782298147678722e-02
2.365782298147678722e-02
2.994766831398010254e-02
6.744091957807542281e-02
2.224923372268676758e-01
2.224923372268676758e-01
2.224923372268676758e-01
3.314236924052238464e-02
1.804600059986114502e-01
4.807033017277717590e-02
3.987814784049987793e-01
0.000000000000000000e+00
0.000000000000000000e+00
0.000000000000000000e+00

u0   32
1.149633619934320450e-02
1.149633619934320450e-02
1.149633619934320450e-02
3.411621553823351426e-03
3.411621553823351426e-03
3.411621553823351426e-03
4.261735454201697609e-02
4.261735454201697609e-02
2.913848124444484711e-02
1.119005493819713593e-02
1.444225907325744629e-01
1.444225907325744629e-01
1.444225907325744629e-01
4.566979408264160850e-02
1.447626203298568726e-01
5.614436417818069458e-02
1.200616210699081421e-01
0.000000000000000000e+00
0.000000000000000000e+00
0.000000000000000000e+00

u0   33
1.352417562156915665e-02
1.352417562156915665e-02
1.352417562156915665e-02
2.204529941082000732e-03
2.204529941082000732e-03
2.204529941082000732e-03
1.086493432521820068e-01
1.086493432521820068e-01
4.474363476037979126e-02
1.336322259157896042e-02
1.077232435345649858e-01
1.077232435345649858e-01
1.077232435345649858e-01
1.202250048518180708e-01
2.907259166240692694e-01
2.013162374496459683e-01
9.780340641736984253e-02
0.000000000000000000e+00
0.000000000000000000e+00
0.000000000000000000e+00

u0   34
1.154155936092138117e-02
1.154155936092138117e-02
1.154155936092138117e-02
3.360231872648000717e-03
3.360231872648000717e-03
3.360231872648000717e-03
5.290883406996726990e-02
5.290883406996726990e-02
5.632775649428368309e-02
1.351647265255451202e-02
1.895074993371963501e-01
1.895074993371963501e-01
1.895074993371963501e-01
1.346422433853149414e-01
2.870564162731170654e-01
2.362997233867645264e-01
1.234382838010788103e-01
0.000000000000000000e+00
0.000000000000000000e+00
0.000000000000000000e+00

u0   35
1.464946288615465164e-02
1.464946288615465164e-02
1.464946288615465164e-02
4.851388279348611832e-03
4.851388279348611832e-03
4.851388279348611832e-03
4.814105108380317688e-02
4.814105108380317688e-02
3.589617833495140076e-02
1.970669254660606384e-02
2.399276047945022583e-01
2.399276047945022583e-01
2.399276047945022583e-01
6.012632697820663452e-02
1.147981882095336914e-01
1.009243726730346680e-01
7.512208819389343262e-02
0.000000000000000000e+00
0.000000000000000000e+00
0.000000000000000000e+00

u0   36
1.612213812768459320e-02
1.612213812768459320e-02
1.612213812768459320e-02
3.147808834910392761e-03
3.147808834910392761e-03
3.147808834910392761e-03
7.069948315620422363e-02
7.069948315620422363e-02
4.480776935815811157e-02
3.191849961876869202e-02
1.141403689980506897e-01
1.141403689980506897e-01
1.141403689980506897e-01
5.732701718807220459e-02
2.219011038541793823e-01
1.161486133933067461e-01
1.366367638111114502e-01
0.000000000000000000e+00
0.000000000000000000e+00
0.000000000000000000e+00

u0   37
1.336177997291088104e-02
1.336177997291088104e-02
1.336177997291088104e-02
2.918679965659976006e-03
2.918679965659976006e-03
2.918679965659976006e-03
1.241016089916229387e-01
1.241016089916229387e-01
6.754278391599655151e-02
2.575009316205978394e-02
9.874592721462249756e-02
9.874592721462249756e-02
9.874592721462249756e-02
1.869381815195083618e-01
2.668404579162597656e-01
1.823227703571319858e-01
1.550936549901962280e-01
0.000000000000000000e+00
0.000000000000000000e+00
0.000000000000000000e+00

u0   38
5.597229115664958954e-03
5.597229115664958954e-03
5.597229115664958954e-03
2.404492814093828201e-03
2.404492814093828201e-03
2.404492814093828201e-03
1.639170497655868530e-01
1.639170497655868530e-01
5.769984424114227295e-02
9.080526418983936310e-03
1.271417886018753052e-01
1.271417886018753052e-01
1.271417886018753052e-01
1.552884429693222046e-01
2.232980281114578247e-01
1.445170938968658447e-01
1.412834376096725464e-01
0.000000000000000000e+00
0.000000000000000000e+00
0.000000000000000000e+00

u0   39
3.986353985965251923e-03
3.986353985965251923e-03
3.986353985965251923e-03
1.921739894896745248e-03
1.921739894896745248e-03
1.921739894896745248e-03
2.286262363195419312e-01
2.286262363195419312e-01
7.284294068813323975e-02
2.895087935030460358e-03
1.323049068450927734e-01
1.323049068450927734e-01
1.323049068450927734e-01
1.200240924954414229e-01
2.704052627086639404e-01
2.407874912023544312e-01
1.269177496433258057e-01
0.000000000000000000e+00
0.000000000000000000e+00
0.000000000000000000e+00

u0   40
3.510024631395936012e-03
3.510024631395936012e-03
3.510024631395936012e-03
1.833413611166179180e-03
1.833413611166179180e-03
1.833413611166179180e-03
1.458368599414825717e-01
1.458368599414825717e-01
9.371498227119445801e-02
1.057548262178897684e-02
7.878916710615158081e-02
7.878916710615158081e-02
7.878916710615158081e-02
1.185148283839225769e-01
2.240990847349166870e-01
1.246656924486160278e-01
2.194205671548843384e-01
0.000000000000000000e+00
0.000000000000000000e+00
0.000000000000000000e+00

u0   41
6.334763951599598798e-03
6.334763951599598798e-03
6.334763951599598798e-03
4.260549321770668030e-03
4.260549321770668030e-03
4.260549321770668030e-03
1.187902018427848816e-01
1.187902018427848816e-01
9.733763337135314941e-02
1.651202514767646443e-02
1.406950652599334717e-01
1.406950652599334717e-01
1.406950652599334717e-01
1.571988612413406095e-01
3.036020398139953613e-01
1.477405577898025513e-01
2.443675845861434937e-01
0.000000000000000000e+00
0.000000000000000000e+00
0.000000000000000000e+00

u0   42
3.364162752404808998e-03
3.364162752404808998e-03
3.364162752404808998e-03
3.650149796158075333e-03
3.650149796158075333e-03
3.650149796158075333e-03
1.400097906589508057e-01
1.400097906589508057e-01
1.531649827957153320e-01
1.378754153847694224e-02
3.470725715160369873e-01
3.470725715160369873e-01
3.470725715160369873e-01
1.381548643112182340e-01
3.459200263023375910e-01
1.456218808889389038e-01
2.109635472297668735e-01
0.000000000000000000e+00
0.000000000000000000e+00
0.000000000000000000e+00

u0   43
2.951095346361398697e-03
2.951095346361398697e-03
2.951095346361398697e-03
2.948292763903737068e-03
2.948292763903737068e-03
2.948292763903737068e-03
1.035213842988014221e-01
1.035213842988014221e-01
1.292721033096313477e-01
1.369876693934202368e-02
3.172933757305145264e-01
3.172933757305145264e-01
3.172933757305145264e-01
1.634780466556549072e-01
3.838693201541900635e-01
2.117682695388793945e-01
2.992666363716125488e-01
0.000000000000000000e+00
0.000000000000000000e+00
0.000000000000000000e+00

u0   44
1.251387409865856171e-02
1.251387409865856171e-02
1.251387409865856171e-02
2.428081119433044954e-03
2.428081119433044954e-03
2.428081119433044954e-03
1.162563413381576538e-01
1.162563413381576538e-01
8.293512463569641113e-02
1.529544871300458908e-02
3.030867278575897217e-01
3.030867278575897217e-01
3.030867278575897217e-01
1.849970668554306030e-01
5.391510725021362305e-01
2.312708050012588501e-01
2.854178845882415771e-01
0.000000000000000000e+00
0.000000000000000000e+00
0.000000000000000000e+00

u0   45
3.034685552120208740e-02
3.034685552120208740e-02
3.034685552120208740e-02
3.927424550056457520e-03
3.927424550056457520e-03
3.927424550056457520e-03
1.383840143680572510e-01
1.383840143680572510e-01
1.106446906924247742e-01
2.454126998782157898e-02
4.275967776775360107e-01
4.275967776775360107e-01
4.275967776775360107e-01
4.095466732978821356e-01
4.386017620563507635e-01
2.184014320373535156e-01
3.172911405563354492e-01
0.000000000000000000e+00
0.000000000000000000e+00
0.000000000000000000e+00

u0   46
3.680632635951042175e-02
3.680632635951042175e-02
3.680632635951042175e-02
3.508330322802066803e-03
3.508330322802066803e-03
3.508330322802066803e-03
2.643839418888092041e-01
2.643839418888092041e-01
1.290946453809738159e-01
2.443578653037548065e-02
1.787022948265075684e-01
1.787022948265075684e-01
1.787022948265075684e-01
5.735967755317687988e-01
4.563694894313812256e-01
1.585044562816619873e-01
3.999423682689666748e-01
0.000000000000000000e+00
0.000000000000000000e+00
0.000000000000000000e+00

u0   47
6.189459562301635048e-02
6.189459562301635048e-02
6.189459562301635048e-02
6.606308277696370211e-03
6.606308277696370211e-03
6.606308277696370211e-03
3.227586150169372559e-01
3.227586150169372559e-01
9.161321818828582764e-02
3.078779764473437569e-02
2.541387379169464111e-01
2.541387379169464111e-01
2.541387379169464111e-01
4.568241536617279053e-01
4.157128334045410156e-01
1.783341467380523404e-01
3.668357729911804199e-01
0.000000000000000000e+00
0.000000000000000000e+00
0.000000000000000000e+00

u0   48
6.152176856994628906e-02
6.152176856994628906e-02
6.152176856994628906e-02
7.973058149218559265e-03
7.973058149218559265e-03
7.973058149218559265e-03
2.466789633035659512e-01
2.466789633035659512e-01
1.796649545431136807e-01
2.861404418945312153e-02
4.725241363048553467e-01
4.725241363048553467e-01
4.725241363048553467e-01
6.108071208000183105e-01
4.248484373092651367e-01
3.214635550975800116e-01
3.114699125289917547e-01
0.000000000000000000e+00
0.000000000000000000e+00
0.000000000000000000e+00

u0   49
5.713780969381332397e-02
5.713780969381332397e-02
5.713780969381332397e-02
5.874990485608577728e-03
5.874990485608577728e-03
5.874990485608577728e-03
2.012288421392440796e-01
2.012288421392440796e-01
3.395360112190246582e-01
2.055680006742477417e-02
2.669245302677154541e-01
2.669245302677154541e-01
2.669245302677154541e-01
5.332282781600952148e-01
4.797484874725341797e-01
1.807353794574737549e-01
2.784028053283691406e-01
0.000000000000000000e+00
0.000000000000000000e+00
0.000000000000000000e+00


STATE

x0   0
5.209634361144489523e-01
9.381669951471636182e-01
2.200027420108368881e-01
1.729634579934108407e-01
-3.923083173666402357e-01
-6.385199076974816534e-02
0.000000000000000000e+00
0.000000000000000000e+00
0.000000000000000000e+00
0.000000000000000000e+00
0.000000000000000000e+00
0.000000000000000000e+00

x0   1
5.556522948534483586e-01
9.347802829026218285e-01
2.268168754755178484e-01
1.249419026157536777e-01
-3.979074247702780731e-01
-1.421961776895017820e-02
0.000000000000000000e+00
0.000000000000000000e+00
0.000000000000000000e+00
0.000000000000000000e+00
0.000000000000000000e+00
0.000000000000000000e+00

x0   2
5.890125594516435470e-01
9.322076037563727935e-01
2.311091028762660149e-01
8.334748974343197947e-02
-4.129852101963075728e-01
4.773319232704432286e-02
0.000000000000000000e+00
0.000000000000000000e+00
0.000000000000000000e+00
0.000000000000000000e+00
0.000000000000000000e+00
0.000000000000000000e+00

x0   3
6.194946388741516818e-01
9.312966258427987087e-01
2.352204754010524257e-01
4.866809754842945507e-02
-4.335118084470426236e-01
1.032738269979526363e-01
0.000000000000000000e+00
0.000000000000000000e+00
0.000000000000000000e+00
0.000000000000000000e+00
0.000000000000000000e+00
0.000000000000000000e+00

x0   4
6.466405678593547535e-01
9.324171780120534825e-01
2.389494942430843982e-01
1.790446716686210082e-02
-4.501043990407348483e-01
1.389884601426371324e-01
0.000000000000000000e+00
0.000000000000000000e+00
0.000000000000000000e+00
0.000000000000000000e+00
0.000000000000000000e+00
0.000000000000000000e+00

x0   5
6.709214256040749724e-01
9.352857539884597005e-01
2.399709806893328967e-01
-1.153206231011634150e-02
-4.541901845866648246e-01
1.511193314847714408e-01
0.000000000000000000e+00
0.000000000000000000e+00
0.000000000000000000e+00
0.000000000000000000e+00
0.000000000000000000e+00
0.000000000000000000e+00

x0   6
6.931476410698713675e-01
9.391777534367806712e-01
2.362115503080313150e-01
-3.981586899468887025e-02
-4.437519457837143522e-01
1.434423759194652370e-01
0.000000000000000000e+00
0.000000000000000000e+00
0.000000000000000000e+00
0.000000000000000000e+00
0.000000000000000000e+00
0.000000000000000000e+00

x0   7
7.139667602741619490e-01
9.432454743142152376e-01
2.274262267671214865e-01
-6.523339177556182478e-02
-4.237364858004905588e-01
1.234860666613860208e-01
0.000000000000000000e+00
0.000000000000000000e+00
0.000000000000000000e+00
0.000000000000000000e+00
0.000000000000000000e+00
0.000000000000000000e+00

x0   8
7.337578998554608045e-01
9.467752170202324846e-01
2.150247743019748636e-01
-8.622423339478306470e-02
-4.015391706178444986e-01
9.981847603110460820e-02
0.000000000000000000e+00
0.000000000000000000e+00
0.000000000000000000e+00
0.000000000000000000e+00
0.000000000000000000e+00
0.000000000000000000e+00

x0   9
7.528013539451948732e-01
9.492827830582970527e-01
2.011909173012306484e-01
-1.032003678739053520e-01
-3.822269131946124388e-01
7.998186022631288694e-02
0.000000000000000000e+00
0.000000000000000000e+00
0.000000000000000000e+00
0.000000000000000000e+00
0.000000000000000000e+00
0.000000000000000000e+00

x0   10
7.714175140933026142e-01
9.504723091830872272e-01
1.880419392504019127e-01
-1.184541096299840529e-01
-3.672823514282075319e-01
6.885197557325827000e-02
0.000000000000000000e+00
0.000000000000000000e+00
0.000000000000000000e+00
0.000000000000000000e+00
0.000000000000000000e+00
0.000000000000000000e+00

x0   11
7.899452283904704331e-01
9.501695977177343488e-01
1.769423297311883136e-01
-1.343286745002026106e-01
-3.564771606747531019e-01
6.825670100264459583e-02
0.000000000000000000e+00
0.000000000000000000e+00
0.000000000000000000e+00
0.000000000000000000e+00
0.000000000000000000e+00
0.000000000000000000e+00

x0   12
8.086405785699983806e-01
9.482971964852670022e-01
1.681100080443209133e-01
-1.515227585442278924e-01
-3.498902450457722080e-01
7.783813188155903895e-02
0.000000000000000000e+00
0.000000000000000000e+00
0.000000000000000000e+00
0.000000000000000000e+00
0.000000000000000000e+00
0.000000000000000000e+00

x0   13
8.276251809471154575e-01
9.449009951153550801e-01
1.607288557351468916e-01
-1.690338796685426914e-01
-3.480355843061434529e-01
9.607659881483908426e-02
0.000000000000000000e+00
0.000000000000000000e+00
0.000000000000000000e+00
0.000000000000000000e+00
0.000000000000000000e+00
0.000000000000000000e+00

x0   14
8.469499486741749461e-01
9.402185906457951603e-01
1.536556114970620279e-01
-1.857900424605360146e-01
-3.503616054317816308e-01
1.206061700893503591e-01
0.000000000000000000e+00
0.000000000000000000e+00
0.000000000000000000e+00
0.000000000000000000e+00
0.000000000000000000e+00
0.000000000000000000e+00

x0   15
8.667592859676808148e-01
9.347413247622975430e-01
1.462747657794676581e-01
-2.025324115926628588e-01
-3.538576612225715623e-01
1.477922846338976526e-01
0.000000000000000000e+00
0.000000000000000000e+00
0.000000000000000000e+00
0.000000000000000000e+00
0.000000000000000000e+00
0.000000000000000000e+00

x0   16
8.874636593664859685e-01
9.291807069049408119e-01
1.387299224514302598e-01
-2.221055001485781610e-01
-3.534236706404059736e-01
1.720367377085629534e-01
0.000000000000000000e+00
0.000000000000000000e+00
0.000000000000000000e+00
0.000000000000000000e+00
0.000000000000000000e+00
0.000000000000000000e+00

x0   17
9.097673211053595166e-01
9.242644298037195894e-01
1.312218361836494651e-01
-2.473667477711325169e-01
-3.445391865982095347e-01
1.855749369599578036e-01
0.000000000000000000e+00
0.000000000000000000e+00
0.000000000000000000e+00
0.000000000000000000e+00
0.000000000000000000e+00
0.000000000000000000e+00

x0   18
9.344645405875739996e-01
9.204198296989568595e-01
1.229169047208755194e-01
-2.777565706423398839e-01
-3.272192652821743764e-01
1.797662095480164202e-01
0.000000000000000000e+00
0.000000000000000000e+00
0.000000000000000000e+00
0.000000000000000000e+00
0.000000000000000000e+00
0.000000000000000000e+00

x0   19
9.620765255156980000e-01
9.176019613876206238e-01
1.117442016056904158e-01
-3.072785970174115588e-01
-3.086861790289529561e-01
1.482094371197052729e-01
0.000000000000000000e+00
0.000000000000000000e+00
0.000000000000000000e+00
0.000000000000000000e+00
0.000000000000000000e+00
0.000000000000000000e+00

x0   20
9.925332637848917061e-01
9.154706138887750422e-01
9.609723720976905137e-02
-3.267351359586738724e-01
-3.016138313917385849e-01
9.017885152546070704e-02
0.000000000000000000e+00
0.000000000000000000e+00
0.000000000000000000e+00
0.000000000000000000e+00
0.000000000000000000e+00
0.000000000000000000e+00

x0   21
1.025092580039301149e+00
9.137017929929533988e-01
7.713571234029564794e-02
-3.293330667635472886e-01
-3.174092658353359075e-01
1.264631037484389466e-02
0.000000000000000000e+00
0.000000000000000000e+00
0.000000000000000000e+00
0.000000000000000000e+00
0.000000000000000000e+00
0.000000000000000000e+00

x0   22
1.058515041486368213e+00
9.121170440454746675e-01
5.872117403216206566e-02
-3.143489030910817106e-01
-3.591666080384607884e-01
-6.848285684965671472e-02
0.000000000000000000e+00
0.000000000000000000e+00
0.000000000000000000e+00
0.000000000000000000e+00
0.000000000000000000e+00
0.000000000000000000e+00

x0   23
1.091414647750179823e+00
9.108003713790522315e-01
4.511015706629081107e-02
-2.862653888774145394e-01
-4.196357836663747731e-01
-1.294093877841292206e-01
0.000000000000000000e+00
0.000000000000000000e+00
0.000000000000000000e+00
0.000000000000000000e+00
0.000000000000000000e+00
0.000000000000000000e+00

x0   24
1.122671938564917538e+00
9.103276505978027400e-01
3.898602545302359140e-02
-2.512532865952744610e-01
-4.850400223699063984e-01
-1.485079673193797078e-01
0.000000000000000000e+00
0.000000000000000000e+00
0.000000000000000000e+00
0.000000000000000000e+00
0.000000000000000000e+00
0.000000000000000000e+00

x0   25
1.128664679820081895e+00
9.104153435713632225e-01
3.870913307486464200e-02
-2.438140065664763656e-01
-4.974423895387052874e-01
-1.465405343592315890e-01
0.000000000000000000e+00
0.000000000000000000e+00
0.000000000000000000e+00
0.000000000000000000e+00
0.000000000000000000e+00
0.000000000000000000e+00

x0   26
1.145404660019998744e+00
9.111248352864496081e-01
3.946005657754385332e-02
-2.217346633471387329e-01
-5.303783111633126879e-01
-1.311353479599949023e-01
0.000000000000000000e+00
0.000000000000000000e+00
0.000000000000000000e+00
0.000000000000000000e+00
0.000000000000000000e+00
0.000000000000000000e+00

x0   27
1.161381220116685764e+00
9.125958092858759141e-01
4.204870638058431226e-02
-1.984639106684901178e-01
-5.581114045655252154e-01
-1.043303364673138223e-01
0.000000000000000000e+00
0.000000000000000000e+00
0.000000000000000000e+00
0.000000000000000000e+00
0.000000000000000000e+00
0.000000000000000000e+00

x0   28
1.176643334897382820e+00
9.148595659092840782e-01
4.581753411337615572e-02
-1.735010729330445922e-01
-5.800388185120212148e-01
-7.124227057472845570e-02
0.000000000000000000e+00
0.000000000000000000e+00
0.000000000000000000e+00
0.000000000000000000e+00
0.000000000000000000e+00
0.000000000000000000e+00

x0   29
1.191272779603262721e+00
9.178579607298263943e-01
5.020723138484830400e-02
-1.463598695566742658e-01
-5.963846255710197886e-01
-3.735695104744671952e-02
0.000000000000000000e+00
0.000000000000000000e+00
0.000000000000000000e+00
0.000000000000000000e+00
0.000000000000000000e+00
0.000000000000000000e+00

x0   30
1.205367459868951663e+00
9.214604646375389452e-01
5.489134393026304931e-02
-1.168350421326534161e-01
-6.079118527182916232e-01
-7.243069911632326469e-03
0.000000000000000000e+00
0.000000000000000000e+00
0.000000000000000000e+00
0.000000000000000000e+00
0.000000000000000000e+00
0.000000000000000000e+00

x0   31
1.219028667303498681e+00
9.254918421434115139e-01
5.979281309329684962e-02
-8.514117752617658685e-02
-6.154894897091687245e-01
1.639981649052979149e-02
0.000000000000000000e+00
0.000000000000000000e+00
0.000000000000000000e+00
0.000000000000000000e+00
0.000000000000000000e+00
0.000000000000000000e+00

x0   32
1.232351398594979663e+00
9.297614873156806459e-01
6.499094869937734054e-02
-5.187952776977930447e-02
-6.196760694337527520e-01
3.297623758540458444e-02
0.000000000000000000e+00
0.000000000000000000e+00
0.000000000000000000e+00
0.000000000000000000e+00
0.000000000000000000e+00
0.000000000000000000e+00

x0   33
1.245415194222425193e+00
9.340851603749410481e-01
7.056772825030191432e-02
-1.784827371187681921e-02
-6.204958646622346086e-01
4.348342295410700942e-02
0.000000000000000000e+00
0.000000000000000000e+00
0.000000000000000000e+00
0.000000000000000000e+00
0.000000000000000000e+00
0.000000000000000000e+00

x0   34
1.258275243177685576e+00
9.382937028269624502e-01
7.646712507242246770e-02
1.621331203876186927e-02
-6.174815817303384025e-01
4.960729991238256587e-02
0.000000000000000000e+00
0.000000000000000000e+00
0.000000000000000000e+00
0.000000000000000000e+00
0.000000000000000000e+00
0.000000000000000000e+00

x0   35
1.270959140210377036e+00
9.422307187630175607e-01
8.243702235772570885e-02
4.981445768551144571e-02
-6.099224062039478866e-01
5.286359366843912388e-02
0.000000000000000000e+00
0.000000000000000000e+00
0.000000000000000000e+00
0.000000000000000000e+00
0.000000000000000000e+00
0.000000000000000000e+00

x0   36
1.283470995157647732e+00
9.457488052377759358e-01
8.809752583075497467e-02
8.273947067108966547e-02
-5.972009441254708673e-01
5.403089443987636742e-02
0.000000000000000000e+00
0.000000000000000000e+00
0.000000000000000000e+00
0.000000000000000000e+00
0.000000000000000000e+00
0.000000000000000000e+00

x0   37
1.295805418947943544e+00
9.487110685228880014e-01
9.310305681727522320e-02
1.149217161545722510e-01
-5.791211409929135634e-01
5.292966914661453859e-02
0.000000000000000000e+00
0.000000000000000000e+00
0.000000000000000000e+00
0.000000000000000000e+00
0.000000000000000000e+00
0.000000000000000000e+00

x0   38
1.307968411442072210e+00
9.509994710142248842e-01
9.731895923540827276e-02
1.462567098301658652e-01
-5.561652486507655535e-01
4.855026619203106630e-02
0.000000000000000000e+00
0.000000000000000000e+00
0.000000000000000000e+00
0.000000000000000000e+00
0.000000000000000000e+00
0.000000000000000000e+00

x0   39
1.320002864456094160e+00
9.525274084861911073e-01
1.009342565120793511e-01
1.764450769636830563e-01
-5.296286842877521162e-01
3.951474719094648369e-02
0.000000000000000000e+00
0.000000000000000000e+00
0.000000000000000000e+00
0.000000000000000000e+00
0.000000000000000000e+00
0.000000000000000000e+00

x0   40
1.332014190512976093e+00
9.532530943221116937e-01
1.044619187824190332e-01
2.049106602381747522e-01
-5.015675103280620162e-01
2.478385293844829335e-02
0.000000000000000000e+00
0.000000000000000000e+00
0.000000000000000000e+00
0.000000000000000000e+00
0.000000000000000000e+00
0.000000000000000000e+00

x0   41
1.344191237521380478e+00
9.531915330789584306e-01
1.086260660894135255e-01
2.307783690199588789e-01
-4.745019981594029712e-01
4.358484786326144098e-03
0.000000000000000000e+00
0.000000000000000000e+00
0.000000000000000000e+00
0.000000000000000000e+00
0.000000000000000000e+00
0.000000000000000000e+00

x0   42
1.356813166065340193e+00
9.524199095738523635e-01
1.141654231121816132e-01
2.529019537363406678e-01
-4.509077403531918660e-01
-2.035200544538913470e-02
0.000000000000000000e+00
0.000000000000000000e+00
0.000000000000000000e+00
0.000000000000000000e+00
0.000000000000000000e+00
0.000000000000000000e+00

x0   43
1.370233399985953726e+00
9.510696381213816775e-01
1.216029025902817251e-01
2.699638464168184759e-01
-4.326511220796407375e-01
-4.668556942711385438e-02
0.000000000000000000e+00
0.000000000000000000e+00
0.000000000000000000e+00
0.000000000000000000e+00
0.000000000000000000e+00
0.000000000000000000e+00

x0   44
1.384832224545521351e+00
9.493015670407066731e-01
1.310505218482644341e-01
2.806830796749434920e-01
-4.206019976190348286e-01
-7.131836071727733206e-02
0.000000000000000000e+00
0.000000000000000000e+00
0.000000000000000000e+00
0.000000000000000000e+00
0.000000000000000000e+00
0.000000000000000000e+00

x0   45
1.400936687442882800e+00
9.472701356237737125e-01
1.421209291885106862e-01
2.841173030145954792e-01
-4.145797646584061802e-01
-9.099788166784932020e-02
0.000000000000000000e+00
0.000000000000000000e+00
0.000000000000000000e+00
0.000000000000000000e+00
0.000000000000000000e+00
0.000000000000000000e+00

x0   46
1.418716575903613997e+00
9.450931202510122198e-01
1.540036358973502217e-01
2.799463908121858080e-01
-4.135963081547733289e-01
-1.031630844048945922e-01
0.000000000000000000e+00
0.000000000000000000e+00
0.000000000000000000e+00
0.000000000000000000e+00
0.000000000000000000e+00
0.000000000000000000e+00

x0   47
1.438073971299546505e+00
9.428425043253533255e-01
1.656859148102186874e-01
2.686275698240977450e-01
-4.162150295493440844e-01
-1.063776461121655470e-01
0.000000000000000000e+00
0.000000000000000000e+00
0.000000000000000000e+00
0.000000000000000000e+00
0.000000000000000000e+00
0.000000000000000000e+00

x0   48
1.458553023406679916e+00
9.405601482542061964e-01
1.762202514013835875e-01
2.514078684315750323e-01
-4.208847684420958246e-01
-1.006001364849500451e-01
0.000000000000000000e+00
0.000000000000000000e+00
0.000000000000000000e+00
0.000000000000000000e+00
0.000000000000000000e+00
0.000000000000000000e+00

x0   49
1.479306427096468646e+00
9.382886417195709372e-01
1.849194748617900841e-01
2.302460111747710869e-01
-4.262055355021594494e-01
-8.726335545562198537e-02
0.000000000000000000e+00
0.000000000000000000e+00
0.000000000000000000e+00
0.000000000000000000e+00
0.000000000000000000e+00
0.000000000000000000e+00

x0   50
1.499158284478206316e+00
9.361004875338505560e-01
1.914288908976710946e-01
2.076499048178822582e-01
-4.311333165427760905e-01
-6.905172241745023698e-02
0.000000000000000000e+00
0.000000000000000000e+00
0.000000000000000000e+00
0.000000000000000000e+00
0.000000000000000000e+00
0.000000000000000000e+00


PARAMETER
1.000000000000000000e+00
1.000000000000000000e+00
1.000000000000000000e+00
1.000000000000000000e+00
1.000000000000000000e+00
1.000000000000000000e+00
1.000000000000000000e+00
1.000000000000000000e+00
1.000000000000000000e+00
1.000000000000000000e+00
1.000000000000000000e+00
1.000000000000000000e+00
1.000000000000000000e+00
1.000000000000000000e+00
1.000000000000000000e+00
1.000000000000000000e+00
1.000000000000000000e+00
1.000000000000000000e+00
