Ground Reaction Forces from force plateform 

-2.117750883102416992e+00
2.374215364456176758e+00
9.365898132324218750e+01

7.333605289459229404e+00
-3.384048080444335938e+01
3.787422485351562500e+02

2.638663291931153054e+01
-8.935997009277343750e+01
6.403514404296875000e+02

6.260360717773437500e+01
-1.214856567382812358e+02
8.001427612304687500e+02

9.261373901367188921e+01
-1.233243103027343750e+02
8.443436889648437500e+02

8.610343170166015625e+01
-9.911873626708984375e+01
8.156140136718750000e+02

6.670323944091796875e+01
-6.818273925781250000e+01
7.513604125976562500e+02

5.665330123901367188e+01
-4.270783996582031250e+01
6.622855224609375000e+02

5.368178939819335938e+01
-2.372295570373534801e+01
5.722421264648437500e+02

5.063616561889648438e+01
-1.123672199249267578e+01
5.091611022949218750e+02

4.503066253662109375e+01
-5.149443149566650391e+00
4.793208618164062500e+02

3.944441604614258523e+01
-1.642478629946705904e-02
4.785028991699219887e+02

3.767438888549804688e+01
6.256204605102539062e+00
4.987094116210937500e+02

4.004692840576171875e+01
1.360326480865478516e+01
5.363589477539063637e+02

4.652220916748046875e+01
2.280913543701171875e+01
5.908886108398437500e+02

5.538892745971679688e+01
3.550551986694336648e+01
6.520781860351561363e+02

6.210823059082031250e+01
5.290797805786132812e+01
7.224371948242188637e+02

6.444252777099610796e+01
7.625555419921875000e+01
7.908511352539063637e+02

6.313787460327149148e+01
1.044894332885742188e+02
8.298433227539062500e+02

5.983519744873047586e+01
1.286774597167968750e+02
8.164669799804687500e+02

5.330879974365234375e+01
1.441921691894531250e+02
7.337606811523437500e+02

4.051747512817382812e+01
1.415910949707031534e+02
5.631415405273437500e+02

2.255528259277343750e+01
8.743595123291015625e+01
2.968707275390625000e+02

1.148609161376952947e+01
3.787095546722411665e+00
7.102970123291014204e+01

0.000000000000000000e+00
0.000000000000000000e+00
0.000000000000000000e+00

0.000000000000000000e+00
0.000000000000000000e+00
0.000000000000000000e+00

0.000000000000000000e+00
0.000000000000000000e+00
0.000000000000000000e+00

0.000000000000000000e+00
0.000000000000000000e+00
0.000000000000000000e+00

0.000000000000000000e+00
0.000000000000000000e+00
0.000000000000000000e+00

0.000000000000000000e+00
0.000000000000000000e+00
0.000000000000000000e+00

0.000000000000000000e+00
0.000000000000000000e+00
0.000000000000000000e+00

0.000000000000000000e+00
0.000000000000000000e+00
0.000000000000000000e+00

0.000000000000000000e+00
0.000000000000000000e+00
0.000000000000000000e+00

0.000000000000000000e+00
0.000000000000000000e+00
0.000000000000000000e+00

0.000000000000000000e+00
0.000000000000000000e+00
0.000000000000000000e+00

0.000000000000000000e+00
0.000000000000000000e+00
0.000000000000000000e+00

0.000000000000000000e+00
0.000000000000000000e+00
0.000000000000000000e+00

0.000000000000000000e+00
0.000000000000000000e+00
0.000000000000000000e+00

0.000000000000000000e+00
0.000000000000000000e+00
0.000000000000000000e+00

0.000000000000000000e+00
0.000000000000000000e+00
0.000000000000000000e+00

0.000000000000000000e+00
0.000000000000000000e+00
0.000000000000000000e+00

0.000000000000000000e+00
0.000000000000000000e+00
0.000000000000000000e+00

0.000000000000000000e+00
0.000000000000000000e+00
0.000000000000000000e+00

0.000000000000000000e+00
0.000000000000000000e+00
0.000000000000000000e+00

0.000000000000000000e+00
0.000000000000000000e+00
0.000000000000000000e+00

0.000000000000000000e+00
0.000000000000000000e+00
0.000000000000000000e+00

0.000000000000000000e+00
0.000000000000000000e+00
0.000000000000000000e+00

0.000000000000000000e+00
0.000000000000000000e+00
0.000000000000000000e+00

0.000000000000000000e+00
0.000000000000000000e+00
0.000000000000000000e+00

0.000000000000000000e+00
0.000000000000000000e+00
0.000000000000000000e+00

